29 0.972207 8.32617 5.02622 20 293
163 0.947035 21.0047 3.85708 9 2076
183 0.933123 3.05198 3.88606 15 653
29 0.982794 1.16598 5.04091 23 293
29 0.982496 1.23277 4.93439 22 283
34 0.999055 0.0971899 4.64589 20 1124
29 0.980663 1.21177 5.05806 22 291
179 0.883383 0.685398 11.7237 10 309
184 0.998517 0.246529 6.90969 6 440
29 0.980362 1.25404 5.05969 21 292
34 0.998788 0.185627 4.81195 24 1126
71 0.996266 0.449246 25.611 7 165
179 0.888526 0.740637 11.7367 10 324
29 0.97161 1.54143 5.0061 22 292
179 0.994694 0.501999 11.8212 11 330
29 0.998857 0.22312 6.31159 22 328
178 0.997838 0.714375 4.17989 6 209
179 0.821229 0.2722 11.7386 11 362
34 0.994982 0.428105 4.55609 30 1155
183 0.999631 0.16637 3.90033 17 694
184 0.998503 0.238178 6.73457 7 566
34 0.988636 0.599738 4.68165 30 1248
183 0.998863 0.318696 3.93454 14 704
184 0.999751 0.0772536 6.41005 7 588
34 0.996709 0.301643 4.44595 29 1410
179 0.739849 0.176308 11.2517 5 354
183 0.99945 0.206271 3.87003 14 884
34 0.996975 0.273728 4.32726 26 1531
183 0.997264 0.510874 3.88319 12 1000
29 0.994669 0.520735 5.23941 26 431
34 0.997331 0.265396 4.35417 30 1691
179 0.653649 0.577193 10.7699 5 429
29 0.999468 0.280623 5.37864 26 447
34 0.998893 0.168643 4.25439 30 1841
103 0.893072 3.74799 8.68644 5 159
179 0.806595 0.551576 10.4637 6 551
183 0.999441 0.168474 3.91772 13 1186
34 0.999852 0.0632043 4.07091 33 1805
103 0.958805 2.51267 6.57179 5 163
183 0.998175 0.356997 3.90924 31 1362
29 0.999113 0.120376 5.24642 26 481
34 0.999918 0.0132235 4.01056 29 1806
29 0.992517 0.843778 5.80527 26 546
34 0.999941 0.0409238 4.05377 35 1769
29 0.999999 0.0789844 5.04538 23 570
34 0.999621 0.0672101 4.00467 32 1707
183 0.999496 0.147596 3.92306 29 1747
29 0.997257 0.446398 5.06214 26 667
34 0.999858 0.0697478 4.15985 36 1642
103 0.984731 1.47613 5.13422 7 206
178 0.992436 1.26026 4.04485 16 426
183 0.99874 0.26235 3.94216 23 1484
29 0.99991 0.166621 4.73159 27 720
34 0.997653 0.196956 4.34563 27 1506
29 0.999856 0.16412 4.41225 26 810
34 0.999994 0.0672643 4.31723 23 1413
103 0.952658 2.49752 5.41086 7 263
178 0.991945 1.16974 3.96645 20 588
29 0.99331 0.572097 4.70582 30 895
34 0.882452 1.01727 4.4795 16 1258
29 0.997607 0.386578 4.45684 30 950
34 0.897753 0.656647 4.48298 14 1146
29 0.997035 0.400368 4.30724 32 1005
34 0.483589 0.695752 4.09637 6 969
29 0.98776 0.637634 4.50842 32 1177
103 0.95597 2.05434 5.05186 11 359
29 0.996259 0.418793 4.25789 40 1266
30 0.706465 1.77222 3.45149 12 1002
103 0.966018 1.80371 4.87476 10 358
29 0.998569 0.307833 4.14532 39 1404
103 0.963598 1.80482 4.93876 10 426
29 0.996507 0.399069 4.1169 46 1545
30 0.998245 0.189667 3.05282 12 1174
103 0.967031 1.64879 4.85469 12 425
178 0.993557 0.935957 3.98765 40 986
29 0.995612 0.398722 4.13226 44 1737
30 0.999102 0.138283 2.7971 12 1045
103 0.940078 2.0155 5.25241 11 471
178 0.997847 0.546788 3.99891 37 1109
29 0.996625 0.365947 4.03791 49 1852
30 0.999911 0.00965741 2.6617 12 913
103 0.96538 1.61468 4.74012 17 513
178 0.999936 0.110711 4.04931 29 955
29 0.997836 0.350146 3.91653 52 2069
30 0.999999 0.0472816 2.44264 9 700
103 0.966118 1.51388 4.69304 18 543
178 0.999537 0.281208 4.0462 32 793
29 0.995755 0.390302 3.92304 54 2266
103 0.976905 1.22555 4.43775 19 609
178 0.99925 0.342321 4.1365 22 665
29 0.986298 0.472342 4.03024 52 2548
103 0.96996 1.3454 4.56574 16 687
29 0.998338 0.284398 3.81036 45 2672
103 0.973135 1.16207 4.55217 14 702
29 0.996138 0.314816 3.77352 26 2625
29 0.995255 0.29093 3.85973 25 2403
103 0.96723 1.19572 4.37505 17 922
169 0.12323 10.9777 13.6432 9 167
29 0.999008 0.162934 3.83972 33 2174
103 0.992781 0.555721 4.20271 32 1124
29 0.982792 0.281306 3.86941 21 1827
103 0.988659 0.563531 4.16817 39 1394
29 0.923979 0.453912 3.86197 18 1598
71 0.930708 1.87969 18.1037 27 532
103 0.995833 0.424463 3.93929 38 1547
185 0.81474 2.70321 2.71194 6 650
19 0.999994 0.122187 4.86494 15 381
29 0.976492 0.0211288 3.76004 16 1327
71 0.934923 1.86898 17.8935 21 541
76 0.141953 16.5982 17.9003 10 276
103 0.99635 0.39603 3.85872 37 1690
19 0.994686 0.656049 5.08782 16 401
29 0.251149 0.43062 3.11637 9 1000
103 0.997581 0.36671 3.81341 48 1826
185 0.0996079 2.4495e-05 2.24362 7 941
19 0.998523 0.401225 4.759 16 464
103 0.993492 0.459799 3.8287 51 1996
185 0.0592676 0.692705 2.01402 9 1038
19 0.992052 0.63021 5.01908 16 475
103 0.993739 0.426395 3.78003 51 2211
185 0.0710629 0.807086 1.80393 9 1237
19 0.999688 0.193398 4.54633 17 544
71 0.922913 2.07152 17.0595 18 649
103 0.994905 0.389097 3.75122 52 2484
103 0.996632 0.330859 3.70613 47 2680
185 0.103585 0.911187 1.38285 7 973
19 0.999419 0.193869 4.40381 21 699
103 0.997366 0.29265 3.60845 70 3237
185 0.994466 0.893666 3.20248 7 173
19 0.999491 0.167216 4.19409 24 924
103 0.956229 0.603472 3.6076 50 2805
185 0.998745 0.385568 3.15004 8 225
19 0.999911 0.00215426 3.98896 25 935
76 0.984184 0.227364 15.3985 24 473
103 0.959546 0.48879 3.61278 44 2660
185 0.998726 0.37882 3.17483 9 267
19 0.999891 0.026013 4.1081 33 1201
20 0.989309 0.572156 2.87197 20 975
76 0.993954 0.0577182 14.9891 29 493
103 0.783109 1.18137 3.54492 28 2166
185 0.999958 0.0604259 3.16277 9 239
19 0.998723 0.124335 3.8831 36 1337
20 0.997138 0.323777 2.67501 21 997
76 0.998819 0.0714777 14.7813 25 552
103 0.827896 0.970322 3.52892 20 1885
185 0.999729 0.209169 3.16259 9 283
19 0.999983 0.0247541 3.85641 40 1394
20 0.999995 0.042211 2.45045 22 1031
76 0.7676 2.29696 14.5798 16 609
185 0.999686 0.121636 3.14776 9 339
186 0.562759 0.284231 5.9893 9 397
19 0.999988 0.0440877 3.75347 48 1533
20 0.999998 0.0171415 2.24401 23 1051
76 0.925697 0.541598 14.3742 15 621
185 0.997989 0.379737 3.14632 10 347
19 0.999272 0.178707 3.76917 54 1721
20 0.999999 0.020967 2.04323 25 933
76 0.999349 0.981189 14.1739 17 635
185 0.997965 0.363732 3.15243 11 357
186 0.315572 0.502383 5.60087 13 489
19 0.997462 0.126506 3.87504 60 1856
20 0.999998 0.0144187 1.85297 25 951
185 0.998039 0.322332 3.13744 13 369
186 0.140373 0.982921 5.32141 16 524
19 0.999581 0.147255 3.69617 60 2045
20 0.999997 0.0128138 1.64167 23 891
185 0.998144 0.305219 3.12171 14 416
186 0.177887 0.662397 5.13141 16 588
19 0.998839 0.114077 3.57055 70 2829
20 0.999992 0.0284146 0.814308 14 644
76 0.991885 0.171983 12.9478 20 904
185 0.997491 0.324621 3.14093 15 573
19 0.996182 0.0887733 3.46262 88 4013
185 0.998895 0.167897 3.08177 20 816
186 0.994177 0.423111 3.50455 32 946
19 0.999143 0.0705672 3.44597 83 3829
185 0.997438 0.263204 3.09222 20 847
186 0.996251 0.352464 3.30197 33 972
19 0.998698 0.0603984 3.43133 77 3609
185 0.999088 0.139373 3.06106 20 1004
186 0.997706 0.209963 3.14733 33 933
19 0.997761 0.0485785 3.40229 63 3409
185 0.998343 0.186558 3.10734 20 1093
186 0.998832 0.138387 2.89655 35 961
19 0.998659 0.0292851 3.40275 59 3171
76 0.979083 0.202072 11.3378 15 1013
185 0.999412 0.0779724 3.06243 24 1123
186 0.999136 0.107705 2.71456 35 1046
19 0.996265 0.0363204 3.38319 52 2890
76 0.966952 0.271955 11.1414 14 966
185 0.999977 0.0264829 3.06618 25 1284
186 0.999155 0.111724 2.51689 35 1005
19 0.998027 0.0306442 3.39509 43 2604
76 0.923881 0.0513986 10.94 18 917
185 0.999879 0.000346399 3.07836 30 1386
186 0.999689 0.0448374 2.30545 36 954
19 0.940914 0.25129 3.37541 40 2273
185 0.999695 0.0249684 3.08219 31 1548
186 0.999688 0.0612285 2.12949 36 968
19 0.990545 0.0236656 3.30633 7 1160
51 0.999684 0.155222 1.53564 6 194
86 0.998196 0.114286 10.1351 7 663
185 0.99942 0.0159361 3.0572 24 1921
186 0.999855 0.0380734 1.50079 24 869
81 0.996738 0.644902 7.74099 21 1661
85 0.977723 1.9536 5.57396 19 433
86 0.999486 0.536629 7.74329 27 780
185 0.999999 0.0540437 3.01162 34 4523
81 0.999848 0.334244 6.94761 20 1896
185 0.99964 0.0506759 3.00173 29 3377
81 0.99971 0.135508 6.55726 14 1934
86 0.997201 0.421618 6.55704 5 804
185 0.99969 0.0475772 3.00104 17 2618
81 0.999196 0.0468935 6.35676 14 1956
86 0.995487 0.568975 6.36024 5 810
103 0.014503 0.547206 2.70629 5 770
185 0.998461 0.028932 3.00685 13 2275
81 0.999663 0.0815709 6.16106 13 1978
185 0.999264 0.032453 3.00264 10 1842
81 0.999243 0.0592972 5.96466 14 2082
95 0.975069 1.58368 11.7089 13 337
185 0.997686 0.116823 2.94583 5 1410
81 0.999436 0.0707414 5.76326 14 2107
91 0.999945 1.31977 5.74604 5 323
95 0.99994 0.350717 11.7049 11 335
81 0.997933 0.0837446 5.56272 14 2136
81 0.998799 0.0129928 5.36621 14 2248
81 0.999527 0.0652657 5.16814 12 2273
86 0.996888 0.271366 4.21377 18 1076
95 0.998086 0.263944 10.7306 12 259
49 0.995581 0.416216 3.68025 8 1262
86 0.993451 0.464364 4.10077 24 1812
198 0.999981 0.207354 22.3023 14 192
49 0.997689 0.293782 3.45238 15 1497
49 0.992577 0.455686 3.47286 17 1626
198 0.986647 0.0861466 21.893 15 195
49 0.998588 0.190939 3.14157 14 1653
49 0.999825 0.0908282 3.17642 14 1644
49 0.997843 0.237009 3.00481 25 1705
49 0.991468 0.453474 3.15853 30 1653
90 0.996632 0.558701 4.5743 20 820
91 0.995101 0.671964 4.07998 9 1277
49 0.975304 0.698085 3.46988 32 1674
54 0.984973 1.07628 3.9832 11 558
90 0.999719 0.064544 4.39058 11 935
91 0.994976 0.624144 4.08523 7 1480
95 0.962434 1.5919 7.82389 24 450
49 0.975876 0.604013 3.23401 22 1571
54 0.946823 1.78524 4.10695 12 598
198 0.675198 6.67821 20.245 16 214
49 0.998802 0.136336 3.31875 20 1502
54 0.987755 0.8621 3.95899 12 684
101 0.96749 2.98976 4.09298 12 203
54 0.958338 1.35621 3.89785 18 859
91 0.993588 0.59715 4.10314 13 1780
54 0.974602 0.956313 3.78933 24 971
55 0.994764 0.505015 4.06747 7 629
91 0.993483 0.571802 4.11599 8 1142
54 0.993607 0.507011 3.61768 23 1068
55 0.999998 0.208166 3.89989 8 745
54 0.99759 0.3268 3.39826 24 1163
55 0.991234 0.532671 3.65372 9 888
101 0.951727 3.28152 4.12774 14 283
198 0.757258 5.0372 18.7901 15 266
54 0.99797 0.298572 3.42212 24 1323
55 0.990275 0.532668 3.43941 10 948
54 0.982419 0.701401 3.18 17 1416
100 0.920164 0.708059 8.76727 25 338
54 0.996786 0.33046 3.21001 16 1625
54 0.976186 0.569914 3.20345 23 2025
100 0.832982 3.95272 8.12788 15 444
54 0.992266 0.401747 2.98384 30 2333
54 0.993528 0.328354 2.91226 31 2657
54 0.996657 0.230738 2.84739 30 2908
100 0.36876 0.807858 7.46125 13 640
54 0.999591 0.120685 2.53274 27 2810
101 0.994954 0.828609 4.1892 11 768
54 0.999313 0.00336187 2.56087 30 2724
14 0.999995 0.0255099 2.06153 7 996
15 0.940072 0.441178 3.97741 9 997
54 0.995081 0.259448 2.61364 31 2595
14 0.999477 0.15338 2.06274 9 1103
15 0.987443 0.210767 3.7719 9 1117
54 0.984108 0.123825 2.63946 16 2441
14 0.999737 0.108566 2.0532 11 1206
15 0.999306 0.0212026 3.58249 12 1290
54 0.998502 0.0304007 2.60099 15 2275
14 0.999954 0.0509107 2.05149 12 1327
15 0.943062 0.602096 3.36886 20 1481
54 0.994437 0.0270761 2.74487 12 2040
14 0.999999 0.0207509 2.03231 14 1859
15 0.985771 0.308254 2.72917 24 2325
14 0.999967 0.0237933 2.02123 18 2428
15 0.980824 0.415869 2.28232 31 2939
116 0.964581 4.18851 4.18968 5 129
14 0.99986 0.0373399 2.01305 25 2727
15 0.996612 0.170075 2.06241 33 2882
115 0.291013 13.6087 13.7995 9 147
14 0.999914 0.0107727 2.00948 33 3150
15 0.999906 0.00426991 1.85249 36 2594
14 0.999987 0.00981204 2.00338 39 3622
15 0.999944 0.00619306 1.65595 38 2223
14 0.999999 0.0274752 1.99974 44 5550
14 0.999959 0.0196039 1.99518 66 6213
198 0.995627 0.82454 12.3576 23 767
14 0.999863 0.0902388 1.96201 78 6386
198 0.907426 0.029652 11.7157 35 879
14 0.999902 0.0774557 1.9481 64 6497
198 0.992245 0.197874 11.0755 39 1110
203 0.638451 2.04759 11.0623 9 386
14 0.999916 0.0682131 1.94414 54 6586
198 0.999945 0.481443 10.8583 28 1151
203 0.99166 0.324105 10.8527 13 403
14 0.999894 0.0168286 1.94865 55 6643
198 0.992432 0.319565 10.019 44 1532
203 0.995994 0.768281 10.0247 19 572
14 0.999995 0.046338 1.90039 55 6516
198 0.998035 0.170903 8.72314 30 2244
203 0.994203 0.835522 8.70567 21 939
14 0.99999 0.0377017 1.88791 37 6445
198 0.98316 0.317154 8.51295 27 2224
203 0.982196 1.2012 8.51313 22 1018
14 0.999939 0.0665525 1.8714 26 6294
198 0.962914 0.44452 8.2989 23 2198
203 0.99057 0.919939 8.30473 25 1045
14 0.999862 0.0263129 1.81854 31 5386
203 0.999948 0.247802 7.22467 38 1318
203 0.999861 0.214521 5.76007 34 1754
208 0.999505 0.342552 5.77225 29 876
203 0.999048 0.273685 4.27914 41 2149
208 0.999478 0.317613 4.32589 28 732
209 0.80983 1.47651 5.97545 18 450
213 0.999888 0.226538 4.38494 10 316
214 0.0846318 5.20648 8.99889 6 159
154 0.98359 1.19404 23.5814 11 282
203 0.999803 0.146675 3.0899 23 2791
208 0.999995 0.035464 3.09492 15 787
209 0.803912 0.943109 5.41186 15 487
213 0.999361 0.393751 3.25558 8 323
154 0.992536 0.369741 23.3735 19 282
203 0.999971 0.0448935 3.03751 29 3035
208 0.999653 0.2525 3.04229 19 835
209 0.812925 0.898009 5.2545 15 621
213 0.998218 0.600343 3.21923 10 297
213 0.998613 0.524329 3.08121 10 332
68 0.992599 1.1814 3.97202 10 486
159 0.815536 4.38527 18.5435 20 275
213 0.999991 0.0261701 2.86585 27 1491
68 0.982386 1.54392 3.83066 12 646
149 0.978168 1.8259 17.2502 19 215
154 0.965916 1.67439 17.2381 18 286
159 0.969813 1.21716 17.2344 22 331
68 0.979045 1.62499 3.92283 12 672
149 0.163168 15.1304 17.0228 17 249
154 0.951824 1.96121 17.0173 17 288
68 0.986837 1.26612 3.73467 12 732
154 0.970337 1.83839 16.8006 19 324
68 0.982776 1.37646 3.83765 13 754
149 0.982148 1.7626 16.5946 14 245
154 0.999937 0.824698 16.5821 19 324
228 0.951618 1.2815 2.80873 5 82
68 0.98788 1.1385 3.7229 12 878
69 0.106324 1.86296 5.79007 19 590
149 0.96708 2.3786 16.3884 16 250
68 0.99644 0.571483 3.58 14 1260
69 0.808702 0.878279 4.69975 21 693
159 0.975611 1.13474 15.2647 20 372
68 0.995467 0.606601 3.52651 17 1373
69 0.830998 0.917747 4.47307 20 627
154 0.969537 0.508214 15.0483 23 351
68 0.998595 0.366347 3.51254 17 1535
69 0.96521 0.540408 4.26517 15 553
149 0.21406 12.9651 14.8473 15 330
154 0.99634 0.959128 14.8376 22 351
159 0.990058 0.635119 14.8307 22 382
68 0.982973 1.15823 3.46958 6 1726
154 0.967978 0.644391 14.6169 23 357
159 0.991903 0.877496 14.6095 27 432
68 0.985965 1.04344 3.42051 6 1847
149 0.96568 2.79249 14.4124 21 366
68 0.984661 1.04479 3.42204 6 2049
149 0.987623 1.98383 14.1947 18 370
154 0.986561 0.651521 14.1902 28 410
159 0.993221 0.868886 14.1878 29 449
68 0.980419 1.12596 3.41698 6 2265
154 0.953959 0.750655 13.9652 26 415
159 0.984529 0.843122 13.9643 27 459
68 0.984719 0.996178 3.32429 6 2304
149 0.98722 0.27498 13.7521 14 378
159 0.998836 0.705799 13.7458 30 459
223 0.990611 0.768982 3.01659 12 619
68 0.98134 1.02135 3.44866 6 2348
149 0.982197 0.140628 13.5343 14 420
154 0.996769 0.836176 13.5354 24 378
159 0.999983 0.711917 13.5333 28 468
223 0.989167 0.776256 3.03812 12 759
68 0.99635 0.424969 3.45247 8 2390
154 0.967099 1.50748 13.32 24 440
159 0.999475 0.734418 13.3168 28 530
218 0.998081 0.437574 3.02401 12 2193
223 0.968264 1.29499 3.05269 23 760
143 0.884795 6.93957 7.12621 6 127
149 0.998586 0.467401 12.4577 19 450
154 0.982209 0.978905 12.4543 23 460
159 0.991325 0.593364 12.4509 22 570
223 0.999451 0.0380699 3.04203 31 1144
228 0.99345 1.18872 3.18217 10 250
154 0.743864 4.736 12.0255 24 470
159 0.999516 0.787467 12.0205 27 594
228 0.991219 1.31503 3.09456 10 293
149 0.999628 0.671726 11.8176 18 470
159 0.991993 0.848196 11.8106 32 727
223 0.999999 0.15521 3.06736 36 1796
228 0.991258 1.29329 3.20153 11 379
149 0.976524 1.90237 11.6006 18 472
154 0.945019 1.82782 11.5973 27 539
159 0.988461 1.04563 11.5951 33 738
154 0.837741 3.1743 11.3825 25 550
159 0.999974 0.779315 11.3827 32 759
228 0.993688 1.04894 3.14602 15 473
149 0.999449 0.68071 11.1806 16 539
154 0.861644 2.97354 11.1657 26 558
159 0.986637 1.04804 11.1658 39 773
228 0.996049 0.820382 3.16789 18 476
149 0.998527 0.776258 10.9481 16 496
159 0.956876 1.43203 10.9486 37 792
223 0.99932 0.0383839 3.1094 7 1828
228 0.995601 0.527877 3.13683 17 570
149 0.999368 0.723622 10.7343 17 551
154 0.897841 2.47883 10.7375 31 631
159 0.999988 0.804364 10.7363 39 810
223 0.999967 0.102548 3.14871 6 1563
228 0.998517 0.212307 3.14589 21 662
149 0.986041 1.45244 10.5248 17 561
154 0.96532 1.31455 10.5114 29 648
159 0.948628 1.4628 10.5121 34 899
159 0.960591 1.35928 10.2976 35 980
149 0.994569 1.01229 10.0875 18 578
154 0.964502 1.15874 10.0846 31 672
159 0.992824 0.64136 10.0814 34 988
228 0.997148 0.323817 3.1352 23 910
149 0.983746 1.52079 9.86337 18 588
154 0.99898 0.318047 9.86514 32 746
159 0.999119 0.508431 9.86279 38 1068
228 0.996536 0.365572 3.13987 17 1035
138 0.00447948 0.533831 10.0659 8 293
139 0.999771 0.384062 9.64292 6 585
149 0.981764 1.58056 9.65804 18 652
154 0.998422 0.349329 9.65306 28 762
159 0.99999 0.53162 9.65457 37 1077
228 0.997993 0.558487 3.14866 15 1164
144 0.993908 0.0917831 9.45277 5 522
149 0.984304 1.46973 9.4511 17 608
154 0.99995 0.211986 9.44433 29 776
159 0.990415 0.684771 9.44236 42 1087
228 0.999007 0.488772 3.14224 9 1409
154 0.988141 0.0193316 9.22257 29 796
159 0.987881 0.69611 9.22356 44 1173
159 0.999433 0.544795 9.00644 50 1182
139 0.999732 0.768066 8.83096 6 601
144 0.998735 0.136617 8.78304 5 544
149 0.997412 0.107723 8.79391 18 700
154 0.94925 0.0129552 8.78539 28 963
159 0.967305 0.961432 8.78956 49 1270
138 0.795196 2.56643 10.0145 16 374
139 0.982123 2.5154 8.58936 6 538
144 0.997187 0.0264018 8.5832 7 551
149 0.998127 0.782394 8.58254 16 710
154 0.988426 0.0927792 8.5759 28 920
159 0.996549 0.500426 8.57645 54 1284
139 0.99164 1.85807 8.37207 5 541
144 0.997701 0.00460769 8.36649 7 559
149 0.992049 1.07947 8.3715 16 723
159 0.999966 0.512969 8.3601 52 1376
149 0.99957 0.195774 8.16016 16 736
154 0.999501 0.405176 8.14425 27 1040
159 0.962567 0.994639 8.14805 54 1471
144 0.999772 0.273538 7.94079 7 573
149 0.999612 0.196998 7.94361 17 748
154 0.983462 0.118081 7.93288 27 1064
159 0.971085 0.838508 7.93215 48 1569
144 0.999939 0.34156 7.72442 7 583
149 0.999965 0.305524 7.71587 17 828
154 0.964958 0.000256284 7.71822 28 1167
159 0.985385 0.643975 7.71702 46 1671
144 0.999092 0.0969696 7.5071 9 591
149 0.999457 0.161887 7.50595 16 846
154 0.976206 0.0163063 7.5016 28 1274
159 0.97878 0.696183 7.50216 40 1777
133 0.491072 13.2755 13.2978 10 323
138 0.182709 1.35681 9.97865 16 395
144 0.999987 0.40106 7.26979 7 601
149 0.999489 0.54156 7.278 20 862
154 0.984039 0.0129546 7.27775 27 1306
159 0.978829 0.705397 7.27904 40 1888
138 0.150877 1.81845 9.97321 14 338
139 0.996712 1.27311 7.06962 6 550
144 0.999813 0.268423 7.06733 9 669
149 0.993469 0.976515 7.06152 17 881
154 0.990318 0.0318711 7.06275 27 1328
159 0.981947 0.633315 7.06316 39 2002
133 0.754183 0.682722 13.2783 7 328
138 0.201282 1.57671 9.9709 16 337
139 0.993949 1.58395 6.8548 6 553
144 0.999506 0.12123 6.85794 8 615
149 0.999901 0.406315 6.84776 18 900
154 0.990407 0.0439196 6.8492 28 1426
159 0.99912 0.289453 6.84841 43 2123
133 0.726463 0.352936 13.3022 6 330
144 0.999368 0.066948 6.63858 8 625
149 0.999948 0.352319 6.62963 18 919
154 0.968663 0.0658473 6.63308 26 1524
159 0.998971 0.281109 6.63508 42 2338
139 0.99693 1.11955 6.23923 10 487
144 0.999501 0.0702917 6.20581 5 647
149 0.999976 0.230512 6.22765 16 956
154 0.986286 0.030084 6.21493 24 1643
159 0.996131 0.335281 6.21292 43 2703
138 0.945291 0.819576 9.936 21 340
139 0.999984 0.347378 5.79849 12 560
144 0.999986 0.299641 5.79345 9 666
149 0.999977 0.220269 5.79213 18 996
154 0.999316 0.205674 5.78992 22 1774
159 0.990426 0.444102 5.78775 24 3000
138 0.488107 9.9202 9.92276 21 337
139 0.999965 0.312487 5.36398 15 494
144 0.999879 0.355653 5.36633 5 686
149 0.999999 0.245337 5.36381 16 1021
154 0.998701 0.376938 5.36174 21 1918
159 0.997382 0.171323 5.36122 25 2779
138 0.682153 0.260821 9.92235 24 328
139 0.999518 0.555401 5.17849 12 496
144 0.998911 0.575056 5.14404 10 702
149 0.999963 0.198883 5.16949 15 1111
154 0.999845 0.220027 5.15182 23 2043
159 0.919325 0.350363 5.15235 17 2688
133 0.640543 1.3425 13.1395 9 273
139 0.99994 0.13362 4.73448 11 498
144 0.999865 0.331763 4.73037 9 647
149 0.999956 0.178261 4.73442 14 1132
154 0.999991 0.243692 4.72756 21 2300
159 0.882634 0.41269 4.72839 11 2400
139 0.999996 0.202355 4.52993 10 501
144 0.997925 0.680078 4.53597 17 733
149 0.99996 0.159708 4.52418 16 1143
154 0.999162 0.302275 4.51256 27 2338
159 0.994491 0.110607 4.51263 13 2304
139 0.999955 0.122705 4.29449 9 431
144 0.995841 0.864784 4.28913 14 672
149 0.999851 0.105266 4.29486 10 1073
154 1 0.204925 4.29429 27 2554
133 0.659731 2.02066 13.1295 8 276
138 0.839326 0.0299475 9.79195 8 299
139 0.991907 1.47942 3.6549 10 361
144 0.992701 1.08008 3.6388 8 698
149 0.999624 0.0474041 3.64783 13 1197
153 0.99509 0.325371 0.782781 6 572
154 0.999553 0.152003 3.64988 36 2784
144 0.992546 1.07685 3.42031 6 703
149 0.998959 0.0477251 3.42579 12 1210
153 0.992617 0.395979 0.782989 6 573
154 0.999461 0.149444 3.43093 30 2976
144 0.989784 1.23031 3.00867 10 620
149 0.999939 0.213739 3.01321 13 1148
153 0.992184 0.348731 0.761432 8 673
154 0.999958 0.182436 3.00863 22 3191
144 0.995687 0.696427 2.39641 6 614
149 0.999997 0.092592 2.39316 28 1321
154 0.994312 0.0376228 2.38978 16 5088
149 0.999949 0.0619768 2.34675 29 1496
154 0.986413 0.0151155 2.3422 14 5856
144 0.990705 0.887995 2.22483 12 779
148 0.999999 0.0960405 2.33281 22 1919
149 0.999999 0.0908404 2.22836 43 1920
144 0.992817 0.766822 2.20858 16 789
148 0.999917 0.0429679 2.11568 20 1824
149 0.99987 0.135509 2.21358 49 2033
138 0.997915 0.250424 7.33598 18 240
144 0.99168 0.755921 2.2022 15 893
148 0.998872 0.0463305 1.67647 11 1824
149 0.999773 0.135486 2.19508 48 2400
144 0.992534 0.699342 2.18669 16 998
148 0.999855 0.022427 1.45517 11 1824
149 0.999625 0.142293 2.18754 48 2592
138 0.941875 1.48365 6.83428 14 325
144 0.996499 0.504549 2.18445 16 1008
148 0.999998 0.051957 1.23087 12 1728
149 0.999989 0.0843495 2.18217 57 2880
138 0.709161 0.124913 4.93296 33 530
139 0.998875 0.350935 2.19189 6 678
144 0.999486 0.168716 2.19496 51 2112
149 0.995114 0.00757661 2.19486 5 3552
134 0.993465 0.932555 2.20159 7 294
138 0.716074 0.0315023 4.71464 37 538
139 0.997181 0.261022 2.20121 10 688
144 0.999545 0.163805 2.20038 53 2400
134 0.987348 1.41339 2.23101 8 298
138 0.795666 0.2321 4.45086 40 636
139 0.998085 0.170392 2.20271 13 780
144 0.999951 0.12357 2.203 56 2688
134 0.992632 0.921437 2.24196 6 388
138 0.972564 0.268749 2.92983 57 1344
139 0.985019 0.735959 2.24098 31 1324
144 0.982991 0.115768 2.2372 5 4128
193 0.136474 18.5375 18.5522 5 130
133 0.605243 0.807761 5.85525 20 494
134 0.990862 0.976223 2.25826 13 476
138 0.999244 0.0851992 2.49422 54 1632
139 0.987715 0.639887 2.24652 39 1720
133 0.876883 0.0728752 5.63287 17 499
138 0.999569 0.0920876 2.27384 55 1920
139 0.998652 0.0157853 2.25563 39 1917
133 0.789018 0.0816597 5.39033 29 590
134 0.984576 1.17355 2.2655 13 486
138 0.99992 0.113465 2.05782 44 2400
139 0.99028 0.516482 2.26312 36 2111
133 0.594977 0.56944 5.18698 47 683
134 0.98613 1.09335 2.27033 13 572
138 0.99992 0.164614 1.83901 40 2400
139 0.988217 0.548435 2.26426 28 2400
133 0.697322 0.14119 4.9685 51 693
134 0.989963 0.921673 2.27467 15 581
138 0.999991 0.0961021 1.61798 37 2400
139 0.991268 0.461429 2.2719 26 2784
133 0.802161 0.105571 4.74856 50 792
134 0.990851 0.847874 2.27452 15 672
138 0.999993 0.0866091 1.40064 31 2112
139 0.999201 0.247788 2.2769 25 3168
133 0.997285 0.0552315 3.00865 32 2208
134 0.999766 0.244706 2.32242 56 1417
163 0.988007 2.51197 15.3605 53 1009
133 0.99811 0.0683014 2.78268 29 2496
134 0.999719 0.255548 2.3281 58 1616
163 0.997263 1.969 15.1429 54 1010
163 0.990256 1.82834 11.8961 72 1113
163 0.998023 1.34464 11.6866 62 1119
188 0.973026 0.450957 11.6841 10 665
163 0.994694 1.57935 11.4694 51 1187
163 0.995992 1.48078 11.2592 42 1127
163 0.999736 1.06913 11.0375 42 1197
188 0.977264 0.181944 11.0253 9 743
163 0.997351 0.603399 10.8186 43 1143
184 0.998139 0.0223507 7.42546 13 325
163 0.997291 0.565923 10.598 43 1214
184 0.999102 1.08236 7.53442 12 328
163 0.999654 1.00279 10.3765 43 1112
184 0.998951 0.173981 7.46656 13 367
163 0.999623 0.994885 10.1585 43 1222
184 0.999945 0.712286 7.53897 13 330
163 0.999951 0.898707 9.93952 46 1233
184 0.999854 0.814505 7.48633 19 340
163 0.999991 0.822194 8.86899 54 1341
183 0.999656 0.616968 8.85004 15 744
184 0.977736 0.987994 7.41024 25 365
188 0.953811 1.87067 8.85642 12 1158
118 0.965497 1.41582 5.72396 9 609
163 0.999987 0.813891 8.69091 54 1349
183 0.999725 0.628704 8.65417 15 818
188 0.993889 1.00442 8.63573 11 1186
118 0.948998 0.11439 5.51028 11 623
163 0.999977 0.776601 8.44297 57 1372
183 0.999888 0.620512 8.40271 16 838
188 0.966137 0.581251 8.42335 7 1276
118 0.971196 1.2033 5.30181 6 730
119 0.975063 1.53682 2.53061 14 765
163 0.999939 0.692548 8.22306 57 1332
183 0.999987 0.703017 8.22764 16 845
188 0.997587 0.9702 8.20361 7 1309
119 0.970446 1.61202 2.53194 9 870
163 0.999995 0.695118 8.0018 54 1389
184 0.869478 2.40052 7.36924 32 431
188 0.99909 0.637424 7.97831 6 1407
119 0.992739 0.848744 2.53318 12 980
163 0.999988 0.694637 7.82483 50 1467
183 0.999718 0.540344 7.7894 14 868
188 0.957255 0.589679 7.76783 6 1460
163 0.999702 0.791353 7.56317 44 1482
183 0.999338 0.411939 7.53485 14 842
163 0.999472 0.801738 7.35565 39 1453
183 0.999274 0.368581 7.33452 18 858
119 0.992946 0.418374 2.56496 45 1402
163 0.999832 0.731323 7.12575 38 1515
183 0.999598 0.452988 7.11788 19 903
193 0.999808 0.619024 7.08616 15 1044
119 0.999316 0.0576929 2.56585 23 1603
163 0.999761 0.735411 6.90801 36 1544
183 0.999895 0.546608 6.95393 19 870
193 0.991747 0.399034 6.88235 9 1084
163 0.999988 0.407172 5.1967 44 1908
183 0.999933 0.523233 5.19022 6 708
193 0.991795 0.804117 5.17189 5 2123
163 0.999994 0.376555 4.77719 57 1940
164 0.981211 0.649272 3.72834 14 876
183 0.999917 0.447717 4.77752 16 653
184 0.456159 0.0816456 7.24763 27 594
188 0.930792 1.09002 4.75351 12 3279
193 0.999381 0.385502 4.73525 18 1647
163 0.999795 0.46123 4.55896 58 1998
164 0.967021 0.822802 3.71903 14 1016
183 0.999786 0.503083 4.53403 15 634
184 0.944683 0.619229 7.16593 23 584
188 0.764139 2.39053 4.54612 9 3484
193 0.984946 0.0510754 4.49384 5 1361
163 0.999716 0.479889 4.3619 66 2019
164 0.983526 0.472337 3.69858 16 1114
183 0.999953 0.277301 4.32563 10 567
184 0.939172 0.495683 7.28383 22 600
188 0.977411 0.727458 4.33929 13 3613
163 0.999731 0.466753 4.14755 62 2006
164 0.98507 0.383125 3.72511 16 1121
183 0.999793 0.204932 4.1793 9 495
184 0.921659 0.512601 7.24863 21 613
188 0.971049 0.767071 4.12837 11 3776
163 0.99994 0.392226 3.94523 62 2084
164 0.991867 0.20032 3.71472 20 1208
183 0.999156 0.0339827 3.82617 11 390
184 0.946014 0.302009 7.307 27 626
188 0.998077 0.474266 3.92578 15 3981
163 0.998947 0.510409 3.7641 61 2200
164 0.990856 0.227626 3.69248 20 1279
183 0.998123 0.142286 3.5819 6 345
184 0.915801 0.380082 7.27589 26 626
188 0.993358 0.475546 3.7481 10 4075
163 0.999264 0.475226 3.6267 60 2130
164 0.992417 0.17243 3.67859 26 1372
184 0.855453 0.391683 7.20227 27 642
188 0.999949 0.317586 3.59881 15 4298
163 0.999512 0.429115 3.51188 52 2169
164 0.991831 0.189862 3.64326 25 1460
184 0.812213 0.321168 7.18595 26 619
188 0.999523 0.344447 3.48558 13 4398
163 0.999026 0.475387 3.49316 55 2141
164 0.999818 0.18031 3.67182 37 1477
184 0.699926 0.125995 7.13157 29 589
188 0.999933 0.267842 3.41555 13 4516
163 0.999884 0.194707 3.37381 57 1572
164 0.999935 0.213487 3.62577 54 1067
183 0.999675 0.432019 3.34642 5 395
188 1 0.187958 3.34729 41 3935
163 0.999706 0.0420768 3.36486 57 1516
164 0.999828 0.241308 3.61595 53 1025
183 1 0.233719 3.32122 5 382
188 0.999997 0.188414 3.34718 35 3748
163 0.999848 0.0765865 3.36189 57 1453
164 0.999991 0.14428 3.60846 52 981
183 0.999988 0.266853 3.32246 5 370
184 0.998554 0.599455 7.19521 16 396
188 0.999969 0.174861 3.3456 43 3559
163 0.999972 0.189261 3.36751 54 1406
164 0.99996 0.136242 3.59811 49 938
184 0.998765 0.574571 7.19797 16 375
188 1 0.185315 3.34539 36 3376
163 0.999987 0.141369 3.35987 53 1349
164 0.999963 0.137283 3.5894 49 896
183 0.999529 0.426813 3.31653 8 345
184 0.968511 1.49231 7.2041 16 360
188 0.999953 0.167931 3.34397 48 3196
163 0.999985 0.184509 3.37252 51 1292
164 0.999938 0.125765 3.57537 46 856
183 0.999996 0.220944 3.31091 5 334
184 0.970464 1.45145 7.21606 16 348
188 0.999893 0.163334 3.34284 47 3007
163 0.999871 0.0920219 3.35976 48 1240
164 0.999985 0.149472 3.56592 41 809
183 0.999977 0.234108 3.27809 7 321
184 0.962709 1.59853 7.23768 16 329
188 0.999861 0.156703 3.34173 51 2821
163 0.999805 0.0922354 3.35153 46 1185
164 0.999914 0.126678 3.53977 41 765
183 0.998415 0.232183 3.2805 8 308
184 0.999668 0.473064 7.24768 15 313
188 0.99988 0.154233 3.33941 64 2643
