-0.0109937 -0.00340696 0.720099
-0.0094917 -0.0021474 0.720832
-0.000261504 0.00553076 0.725097
0.0213732 0.0233649 0.734424
0.0576128 0.0529676 0.748844
0.108944 0.0945363 0.767482
0.174738 0.147401 0.788984
0.2537 0.210437 0.811833
0.344211 0.282356 0.834568
0.444559 0.361913 0.855917
0.553103 0.448026 0.874878
0.668366 0.539846 0.890747
0.789082 0.636771 0.903127
0.914207 0.738435 0.9119
1.04291 0.844668 0.917198
1.17452 0.955448 0.919354
1.30854 1.07084 0.918861
1.44455 1.19094 0.916326
1.58218 1.31582 0.912427
1.72111 1.44549 0.907876
1.86099 1.57987 0.903387
2.00149 1.71873 0.899648
2.14222 1.86172 0.897302
2.28277 2.00835 0.896928
2.42271 2.15801 0.899026
2.56162 2.30999 0.904012
2.69907 2.46349 0.912211
2.83467 2.61765 0.923846
2.96806 2.77162 0.93904
3.09896 2.92454 0.957811
3.22715 3.07558 0.980069
3.35248 3.22399 1.00562
3.47486 3.36908 1.03415
3.59424 3.51023 1.06526
3.71058 3.64688 1.09844
3.82383 3.77854 1.13308
3.93387 3.9047 1.1685
4.04045 4.02487 1.20396
4.14315 4.13849 1.23867
4.24134 4.24493 1.27182
4.33414 4.34341 1.30265
4.42043 4.43305 1.33044
4.49884 4.51284 1.35459
4.56785 4.58171 1.37466
4.62591 4.63863 1.3904
4.67169 4.68279 1.40184
4.70437 4.71386 1.40928
4.7241 4.73239 1.41332
4.73261 4.7403 1.41487
4.73401 4.74159 1.4151
4.73401 4.74159 1.4151
4.73528 4.74234 1.41525
4.74302 4.7469 1.416
4.76096 4.7575 1.41722
4.79064 4.77517 1.41836
4.83224 4.80008 1.41869
4.88508 4.83194 1.41753
4.94805 4.87014 1.41431
5.01991 4.91401 1.4087
5.09948 4.96286 1.40057
5.18575 5.01609 1.39002
5.27793 5.07319 1.37737
5.37546 5.13377 1.36303
5.47799 5.19754 1.34756
5.58533 5.26429 1.33151
5.6974 5.33386 1.31547
5.81415 5.40613 1.29992
5.93557 5.48097 1.28528
6.06156 5.55823 1.27183
6.19195 5.6377 1.25971
6.32645 5.71914 1.24892
6.46465 5.80224 1.23929
6.60601 5.88664 1.23054
6.74988 5.97192 1.22225
6.89551 6.05764 1.21394
7.04209 6.14332 1.20504
7.18877 6.22851 1.195
7.33471 6.31277 1.18327
7.4791 6.39567 1.16934
7.62119 6.47686 1.15282
7.76034 6.55605 1.13341
7.89598 6.63301 1.11098
8.02767 6.70757 1.08556
8.15506 6.77964 1.05733
8.27789 6.84916 1.02667
8.39594 6.91609 0.994109
8.50901 6.98038 0.960314
8.61686 7.04195 0.926073
8.71917 7.10066 0.892251
8.81546 7.15624 0.859737
8.90513 7.20832 0.829402
8.98734 7.25639 0.802037
9.0611 7.29982 0.778298
9.12531 7.33785 0.758653
9.17881 7.36974 0.743331
9.22065 7.39482 0.732286
9.25031 7.4127 0.725173
9.26812 7.42348 0.721349
9.27577 7.42812 0.719896
9.27702 7.42889 0.719686
9.27702 7.42889 0.719686
9.27837 7.4276 0.72018
9.28663 7.41974 0.723008
9.30589 7.4015 0.72909
9.33797 7.37122 0.738375
9.38324 7.32869 0.750302
9.44115 7.27458 0.764118
9.51062 7.21001 0.779088
9.5904 7.13629 0.79461
9.67925 7.05467 0.810272
9.77606 6.96626 0.825864
9.8799 6.87194 0.841351
9.99006 6.77236 0.856836
10.106 6.66795 0.872514
10.2275 6.55895 0.888617
10.3541 6.44547 0.905374
10.4857 6.32754 0.92297
10.6222 6.20517 0.941521
10.7633 6.07837 0.961058
10.9087 5.94724 0.98152
11.0581 5.81195 1.00276
11.2109 5.6728 1.02455
11.3666 5.53021 1.04663
11.5244 5.38469 1.06869
11.6837 5.23687 1.09042
11.8435 5.08746 1.11153
12.003 4.93724 1.13181
12.1614 4.78699 1.15106
12.3179 4.63751 1.16922
12.4718 4.48958 1.18627
12.6224 4.3439 1.20231
12.7692 4.20114 1.21751
12.9118 4.06188 1.2321
13.0498 3.92663 1.24635
13.183 3.79584 1.26056
13.3112 3.66994 1.27498
13.4342 3.54933 1.28985
13.5516 3.43445 1.3053
13.6631 3.32581 1.32135
13.7681 3.22401 1.33789
13.866 3.12978 1.35467
13.9558 3.04399 1.37131
14.0364 2.96761 1.38729
14.1065 2.90169 1.402
14.1649 2.84723 1.41484
14.2106 2.80501 1.42523
14.2429 2.77533 1.43277
14.2623 2.75765 1.43737
14.2707 2.75011 1.43936
14.272 2.74889 1.43969
14.272 2.74889 1.43969
14.2729 2.7481 1.4398
14.2785 2.74327 1.44055
14.2914 2.73191 1.44247
14.313 2.71279 1.44595
14.3435 2.68551 1.45119
14.3824 2.65017 1.45821
14.4292 2.60721 1.46687
14.4831 2.5572 1.47689
14.5431 2.50076 1.48791
14.6086 2.43849 1.49948
14.6789 2.37093 1.51113
14.7537 2.29857 1.52241
14.8326 2.22182 1.53292
14.9154 2.14107 1.5423
15.0018 2.05666 1.55032
15.0918 1.96891 1.55681
15.1852 1.87816 1.56174
15.2819 1.78476 1.5652
15.3817 1.68911 1.56736
15.4841 1.59161 1.56848
15.589 1.49272 1.56892
15.6958 1.39293 1.56905
15.804 1.29276 1.56929
15.9131 1.19273 1.57005
16.0226 1.09341 1.57171
16.1317 0.99532 1.57461
16.2399 0.899002 1.57898
16.3467 0.80496 1.58499
16.4515 0.713667 1.59268
16.5539 0.625558 1.60196
16.6537 0.541024 1.61265
16.7503 0.460409 1.62444
16.8438 0.384015 1.63692
16.9339 0.3121 1.6496
17.0204 0.244885 1.66196
17.1033 0.182563 1.67345
17.1824 0.125297 1.68356
17.2575 0.0732306 1.69185
17.3282 0.0264896 1.69797
17.394 -0.0148216 1.70175
17.4543 -0.0506243 1.70319
17.5085 -0.0808793 1.7025
17.5557 -0.105607 1.70007
17.5949 -0.124917 1.69651
17.6257 -0.139048 1.69253
17.6474 -0.148414 1.68889
17.6605 -0.153672 1.68625
17.6661 -0.155787 1.68493
17.667 -0.156114 1.68469
17.667 -0.156114 1.68469
17.6679 -0.15695 1.68478
17.6732 -0.162002 1.68516
17.6855 -0.1736 1.68558
17.706 -0.19259 1.68542
17.735 -0.218839 1.68393
17.7721 -0.251635 1.68041
17.8166 -0.289978 1.67425
17.8678 -0.332802 1.66508
17.9248 -0.379118 1.65273
17.987 -0.428106 1.63728
18.0539 -0.479163 1.61903
18.1248 -0.531919 1.59845
18.1996 -0.586219 1.57614
18.2779 -0.642094 1.55282
18.3597 -0.699723 1.52922
18.4448 -0.759381 1.50605
18.533 -0.82139 1.484
18.6242 -0.886074 1.46363
18.7181 -0.953717 1.44538
18.8146 -1.02452 1.42955
18.9133 -1.0986 1.41627
19.0137 -1.17594 1.40553
19.1154 -1.25639 1.39716
19.2178 -1.33968 1.39085
19.3205 -1.42542 1.38622
19.4228 -1.51312 1.38277
19.5243 -1.6022 1.38
19.6244 -1.69201 1.37739
19.7227 -1.78187 1.37447
19.8187 -1.8711 1.37082
19.9122 -1.95901 1.36615
20.0029 -2.04497 1.36026
20.0906 -2.12837 1.35313
20.1752 -2.20866 1.34485
20.2565 -2.28538 1.33566
20.3345 -2.3581 1.32592
20.4089 -2.42644 1.31608
20.4797 -2.49008 1.30665
20.5463 -2.54869 1.29811
20.6085 -2.60196 1.29092
20.6655 -2.64958 1.28542
20.7168 -2.69123 1.28178
20.7614 -2.72657 1.27999
20.7986 -2.75532 1.2798
20.8278 -2.77733 1.28077
20.8484 -2.79263 1.28228
20.8608 -2.80167 1.2837
20.8661 -2.80549 1.28452
20.867 -2.80611 1.28469
20.867 -2.80611 1.28469
20.8676 -2.80697 1.28519
20.8709 -2.81221 1.28809
20.8785 -2.82447 1.29443
20.8913 -2.84501 1.30422
20.9094 -2.87416 1.31685
20.9325 -2.91163 1.33143
20.9602 -2.95685 1.34699
20.992 -3.00908 1.3626
21.0275 -3.06759 1.37747
21.0662 -3.13169 1.391
21.1076 -3.20082 1.40276
21.1517 -3.27452 1.41255
21.198 -3.35246 1.42027
21.2466 -3.43437 1.42599
21.2972 -3.52007 1.42984
21.3499 -3.6094 1.432
21.4045 -3.7022 1.43269
21.4609 -3.7983 1.43211
21.519 -3.89747 1.43043
21.5787 -3.9994 1.42776
21.6397 -4.10376 1.42419
21.7018 -4.2101 1.41974
21.7647 -4.31795 1.41438
21.8281 -4.42675 1.40803
21.8917 -4.53594 1.40061
21.955 -4.64492 1.39198
22.0179 -4.75311 1.38204
22.08 -4.85993 1.37068
22.141 -4.96488 1.35783
22.2006 -5.06747 1.34348
22.2588 -5.16731 1.32762
22.3152 -5.26406 1.31036
22.3697 -5.35745 1.29184
22.4224 -5.44725 1.27226
22.4731 -5.53328 1.25189
22.5217 -5.61535 1.23107
22.5681 -5.69327 1.21015
22.6121 -5.76678 1.18955
22.6537 -5.83557 1.16968
22.6924 -5.8992 1.15096
22.7279 -5.95714 1.1338
22.7598 -6.00877 1.11856
22.7875 -6.0534 1.10555
22.8107 -6.09034 1.09499
22.8287 -6.11904 1.087
22.8415 -6.13927 1.08153
22.8492 -6.15135 1.07837
22.8525 -6.15651 1.07707
22.853 -6.15735 1.07686
22.853 -6.15735 1.07686
22.8519 -6.15847 1.07702
22.8449 -6.16528 1.07804
22.8286 -6.18117 1.08056
22.8015 -6.20766 1.085
22.7632 -6.24511 1.09156
22.7141 -6.29308 1.10022
22.6552 -6.35076 1.11084
22.5876 -6.41718 1.12315
22.5122 -6.49135 1.13678
22.43 -6.57241 1.15136
22.3418 -6.65963 1.16649
22.2482 -6.75244 1.18182
22.1496 -6.85042 1.19706
22.0464 -6.95325 1.21197
21.9387 -7.0607 1.22643
21.8269 -7.17256 1.2404
21.711 -7.28862 1.25393
21.5912 -7.40863 1.26717
21.4679 -7.53229 1.28034
21.3413 -7.6592 1.29372
21.2119 -7.78888 1.30763
21.0803 -7.92079 1.32241
20.947 -8.0543 1.3384
20.8127 -8.18872 1.3559
20.6781 -8.32337 1.37518
20.5439 -8.45753 1.39641
20.4109 -8.59052 1.41968
20.2795 -8.72172 1.445
20.1505 -8.85056 1.47224
20.0244 -8.97658 1.50118
19.9016 -9.09938 1.53147
19.7824 -9.21868 1.56267
19.667 -9.33424 1.59425
19.5557 -9.4459 1.62563
19.4486 -9.55351 1.65616
19.3458 -9.65689 1.68521
19.2477 -9.75584 1.71218
19.1544 -9.85 1.73652
19.0665 -9.93891 1.75779
18.9844 -10.0219 1.77568
18.9091 -10.0982 1.79004
18.8414 -10.1667 1.80092
18.7825 -10.2264 1.80856
18.7333 -10.2762 1.81336
18.6949 -10.3151 1.81592
18.6676 -10.3426 1.81691
18.6512 -10.3591 1.81703
18.6442 -10.3662 1.81691
18.643 -10.3674 1.81686
18.643 -10.3674 1.81686
18.6421 -10.3683 1.81696
18.6364 -10.374 1.81756
18.6232 -10.3873 1.81897
18.6012 -10.4093 1.82137
18.5702 -10.4404 1.82482
18.5305 -10.4801 1.82934
18.4828 -10.5277 1.83493
18.428 -10.5824 1.84157
18.3669 -10.6432 1.84929
18.3004 -10.7094 1.85809
18.2289 -10.7806 1.86804
18.153 -10.8561 1.8792
18.073 -10.9356 1.89162
17.9892 -11.019 1.90539
17.9017 -11.1061 1.92056
17.8107 -11.1967 1.93716
17.7162 -11.2908 1.9552
17.6186 -11.3882 1.97463
17.518 -11.4887 1.99536
17.4147 -11.592 2.01728
17.309 -11.6977 2.04018
17.2013 -11.8053 2.06386
17.0923 -11.9145 2.08804
16.9824 -12.0245 2.11246
16.8722 -12.1349 2.13679
16.7623 -12.2449 2.16076
16.6533 -12.354 2.18407
16.5457 -12.4617 2.20646
16.4401 -12.5673 2.22772
16.3369 -12.6706 2.2477
16.2363 -12.7711 2.26628
16.1388 -12.8686 2.28344
16.0445 -12.9629 2.29922
15.9536 -13.0537 2.31369
15.8662 -13.1411 2.32703
15.7824 -13.2248 2.3394
15.7025 -13.3048 2.35101
15.6267 -13.3808 2.36204
15.5553 -13.4524 2.37267
15.4888 -13.5192 2.38297
15.4278 -13.5805 2.39297
15.373 -13.6356 2.40256
15.3254 -13.6836 2.41156
15.2857 -13.7237 2.41965
15.2547 -13.7551 2.42649
15.2328 -13.7773 2.4317
15.2196 -13.7907 2.43506
15.214 -13.7964 2.4366
15.213 -13.7974 2.43686
15.213 -13.7974 2.43686
15.2121 -13.7981 2.43669
15.2065 -13.8027 2.43563
15.1933 -13.8134 2.43321
15.1713 -13.8312 2.42924
15.1403 -13.8564 2.42376
15.1006 -13.8885 2.41689
15.053 -13.9271 2.40886
14.9984 -13.9713 2.39986
14.9374 -14.0205 2.39011
14.8711 -14.0742 2.37975
14.7998 -14.1317 2.3689
14.7241 -14.1927 2.35761
14.6444 -14.2569 2.34592
14.5609 -14.324 2.3338
14.4737 -14.3941 2.32121
14.383 -14.4668 2.3081
14.2889 -14.5422 2.29442
14.1916 -14.6202 2.28013
14.0913 -14.7004 2.26522
13.9882 -14.7829 2.24968
13.8828 -14.8672 2.23357
13.7754 -14.953 2.21695
13.6665 -15.0399 2.19992
13.5567 -15.1276 2.18263
13.4466 -15.2156 2.16521
13.3368 -15.3033 2.14785
13.2277 -15.3904 2.13071
13.1201 -15.4764 2.11396
13.0144 -15.5609 2.09776
12.9111 -15.6436 2.08224
12.8104 -15.7243 2.0675
12.7127 -15.8026 2.05361
12.6182 -15.8784 2.04059
12.527 -15.9516 2.02845
12.4394 -16.022 2.01714
12.3554 -16.0897 2.00659
12.2752 -16.1543 1.99673
12.1991 -16.2157 1.98748
12.1273 -16.2736 1.97876
12.0605 -16.3276 1.97054
11.9992 -16.3772 1.96281
11.9442 -16.4218 1.95564
11.8962 -16.4606 1.94912
11.8563 -16.493 1.94342
11.8251 -16.5183 1.93874
11.803 -16.5362 1.93524
11.7897 -16.547 1.93303
11.784 -16.5516 1.93203
11.783 -16.5524 1.93186
11.783 -16.5524 1.93186
11.7818 -16.552 1.9319
11.7743 -16.5499 1.93214
11.7568 -16.5451 1.93276
11.7277 -16.537 1.93389
11.6867 -16.5255 1.93565
11.6343 -16.5109 1.93815
11.5715 -16.4933 1.9415
11.4994 -16.4732 1.9458
11.419 -16.4506 1.95112
11.3314 -16.4261 1.95752
11.2372 -16.3997 1.96505
11.1371 -16.3716 1.97373
11.0316 -16.3421 1.98353
10.9207 -16.311 1.9944
10.8048 -16.2786 2.00626
10.684 -16.2449 2.01898
10.5583 -16.2099 2.03242
10.4281 -16.1737 2.04638
10.2936 -16.1364 2.06068
10.1552 -16.0981 2.07508
10.0133 -16.0589 2.08938
9.86863 -16.0191 2.10335
9.72183 -15.9788 2.1168
9.57367 -15.9382 2.12952
9.425 -15.8975 2.14139
9.27664 -15.857 2.1523
9.12943 -15.8168 2.16218
8.98414 -15.7773 2.17103
8.84149 -15.7385 2.17889
8.70209 -15.7006 2.18586
8.56646 -15.6638 2.19209
8.43501 -15.628 2.19777
8.30804 -15.5935 2.20311
8.18579 -15.5602 2.20834
8.06845 -15.5282 2.2137
7.95619 -15.4975 2.21939
7.84924 -15.4682 2.22557
7.74791 -15.4403 2.23237
7.65264 -15.4141 2.23981
7.56403 -15.3895 2.24781
7.48289 -15.367 2.25622
7.41017 -15.3468 2.26475
7.34697 -15.3291 2.27303
7.29436 -15.3144 2.28064
7.25327 -15.3029 2.28711
7.22419 -15.2947 2.29204
7.20674 -15.2898 2.29519
7.19926 -15.2877 2.29662
7.19804 -15.2874 2.29686
7.19804 -15.2874 2.29686
7.19705 -15.2872 2.29691
7.19103 -15.2865 2.29721
7.17709 -15.2849 2.29785
7.15398 -15.2823 2.29883
7.12159 -15.2785 2.30008
7.08042 -15.2737 2.3015
7.03133 -15.2679 2.30298
6.97529 -15.2613 2.3044
6.91323 -15.2539 2.30568
6.84595 -15.2458 2.30673
6.77407 -15.237 2.3075
6.69805 -15.2277 2.30796
6.61819 -15.2178 2.3081
6.53463 -15.2074 2.30792
6.44748 -15.1965 2.30741
6.35676 -15.185 2.3066
6.26252 -15.173 2.3055
6.16485 -15.1606 2.30412
6.0639 -15.1476 2.30247
5.95991 -15.1343 2.30054
5.85323 -15.1206 2.29834
5.74429 -15.1066 2.29585
5.63365 -15.0923 2.29304
5.5219 -15.078 2.2899
5.40972 -15.0635 2.2864
5.29781 -15.0492 2.28251
5.18686 -15.035 2.27822
5.07754 -15.021 2.27352
4.97048 -15.0073 2.26839
4.86623 -14.994 2.26287
4.76524 -14.9812 2.25698
4.66788 -14.9688 2.25078
4.57443 -14.9569 2.24432
4.48507 -14.9456 2.23769
4.39993 -14.9348 2.231
4.31912 -14.9245 2.22436
4.24273 -14.9148 2.2179
4.17089 -14.9057 2.21173
4.10381 -14.8972 2.20598
4.04179 -14.8893 2.20077
3.98527 -14.8821 2.1962
3.9348 -14.8756 2.19233
3.89105 -14.87 2.1892
3.85468 -14.8653 2.18682
3.82628 -14.8616 2.18515
3.80616 -14.859 2.1841
3.79408 -14.8575 2.18356
3.78888 -14.8568 2.18335
3.78803 -14.8567 2.18333
3.78803 -14.8567 2.18333
3.7871 -14.8552 2.1832
3.78138 -14.846 2.18241
3.76787 -14.8247 2.18049
3.74509 -14.7892 2.17718
3.71255 -14.7392 2.17234
3.67044 -14.6752 2.1659
3.61936 -14.5985 2.15787
3.56007 -14.5105 2.14831
3.49341 -14.4125 2.13728
3.42017 -14.3059 2.12488
3.34102 -14.1915 2.11122
3.25654 -14.0703 2.09642
3.16714 -13.9428 2.08064
3.07314 -13.8095 2.06402
2.97475 -13.6705 2.04675
2.87212 -13.5261 2.02905
2.76538 -13.3765 2.01113
2.65465 -13.222 1.99326
2.54006 -13.063 1.97569
2.42181 -12.8997 1.95871
2.30018 -12.7329 1.94261
2.17548 -12.5631 1.92766
2.04816 -12.3912 1.91414
1.91872 -12.2179 1.90229
1.78774 -12.0441 1.8923
1.65587 -11.8709 1.88434
1.52381 -11.699 1.87849
1.39228 -11.5294 1.87479
1.26204 -11.3627 1.87317
1.13384 -11.1997 1.87353
1.00839 -11.0408 1.87564
0.886404 -10.8866 1.87923
0.768543 -10.7373 1.88397
0.655428 -10.5931 1.88945
0.547638 -10.4543 1.89526
0.445714 -10.3212 1.90096
0.350165 -10.1939 1.90615
0.261477 -10.0728 1.91045
0.180126 -9.95869 1.91359
0.106573 -9.85219 1.91538
0.0412749 -9.75437 1.91576
-0.0153415 -9.66648 1.91482
-0.0629042 -9.5899 1.91281
-0.101155 -9.52604 1.91009
-0.130039 -9.47607 1.90714
-0.149838 -9.44064 1.90447
-0.161352 -9.41938 1.90254
-0.166154 -9.41025 1.90158
-0.166922 -9.40875 1.9014
-0.166922 -9.40875 1.9014
-0.167929 -9.40799 1.90154
-0.174093 -9.40332 1.90246
-0.188451 -9.39244 1.90471
-0.212326 -9.37427 1.90862
-0.245864 -9.34859 1.91432
-0.288452 -9.31567 1.92177
-0.339057 -9.27603 1.93081
-0.39646 -9.23029 1.94118
-0.459432 -9.17906 1.95259
-0.526847 -9.12288 1.96472
-0.597743 -9.06216 1.97725
-0.671356 -8.99723 1.98991
-0.747107 -8.92827 2.00244
-0.824591 -8.85544 2.01463
-0.903535 -8.77881 2.02632
-0.983758 -8.69847 2.03737
-1.06513 -8.61451 2.04769
-1.14753 -8.52707 2.05719
-1.23082 -8.43636 2.0658
-1.3148 -8.34265 2.07344
-1.39921 -8.24632 2.08002
-1.48373 -8.14779 2.08541
-1.56797 -8.04759 2.08949
-1.6515 -7.94626 2.09209
-1.73383 -7.84443 2.09302
-1.81452 -7.74269 2.09207
-1.89314 -7.64166 2.08906
-1.9693 -7.54192 2.08377
-2.04274 -7.444 2.07603
-2.11329 -7.34836 2.06573
-2.18092 -7.25539 2.05278
-2.24572 -7.16541 2.03721
-2.30791 -7.07867 2.01912
-2.36782 -6.99535 1.99872
-2.4258 -6.9156 1.97634
-2.48227 -6.83954 1.95241
-2.53753 -6.76733 1.92748
-2.59182 -6.69916 1.90216
-2.64513 -6.63529 1.87717
-2.69723 -6.5761 1.85321
-2.74755 -6.52207 1.83102
-2.79519 -6.4738 1.81124
-2.83894 -6.43194 1.79441
-2.87735 -6.39719 1.78093
-2.90893 -6.37009 1.77093
-2.93239 -6.35093 1.7643
-2.9471 -6.33945 1.76063
-2.95367 -6.33453 1.7592
-2.95478 -6.33373 1.75898
-2.95478 -6.33373 1.75898
-2.95423 -6.33206 1.75838
-2.95074 -6.32192 1.75489
-2.94222 -6.29836 1.74737
-2.92725 -6.25925 1.73591
-2.90492 -6.20426 1.72134
-2.87465 -6.1342 1.70483
-2.8361 -6.05042 1.6876
-2.78914 -5.95447 1.67078
-2.7338 -5.84786 1.65525
-2.67021 -5.73189 1.64163
-2.59864 -5.60758 1.63026
-2.51944 -5.47567 1.62122
-2.43305 -5.33665 1.61438
-2.33998 -5.19082 1.60944
-2.24083 -5.03831 1.60602
-2.1362 -4.87925 1.60366
-2.02676 -4.71374 1.60192
-1.91316 -4.54198 1.60042
-1.79608 -4.36427 1.59883
-1.67613 -4.18108 1.59694
-1.55391 -3.99303 1.59464
-1.42997 -3.80092 1.59194
-1.3048 -3.60568 1.58892
-1.17883 -3.40837 1.58577
-1.05243 -3.21012 1.58274
-0.925936 -3.01209 1.5801
-0.799641 -2.81544 1.57812
-0.673827 -2.62126 1.57705
-0.548787 -2.43052 1.57708
-0.424838 -2.24409 1.57833
-0.302352 -2.06266 1.58083
-0.181778 -1.88678 1.58452
-0.063656 -1.71684 1.5892
0.051368 -1.5531 1.59462
0.162536 -1.39579 1.60044
0.268987 -1.24507 1.60625
0.36977 -1.10119 1.61166
0.463876 -0.964506 1.61625
0.55028 -0.835586 1.61971
0.627999 -0.715236 1.62178
0.69616 -0.604553 1.62238
0.75408 -0.504905 1.62154
0.801359 -0.417862 1.6195
0.837961 -0.345049 1.61665
0.864306 -0.287888 1.6135
0.881343 -0.24721 1.61062
0.890592 -0.222699 1.60851
0.894159 -0.212136 1.60746
0.894685 -0.210401 1.60726
