1.102785
2.510316
3.276551
0.367340
2.389378
3.691825
3.428726
3.862422
0.384189
3.498645
2.920181
0.357325
1.032924
1.181572
1.326268
1.821879
1.037126
2.567897
1.104870
2.158228
1.163349
2.681961
1.837887
1.190284
1.981664
0.369882
1.068035
0.481349
0.418724
0.480721
1.072192
0.369028
0.312519
0.295046
1.018492
1.225666
3.386040
1.991260
1.222546
0.353891
0.420728
1.192115
1.959817
4.076772
0.354150
0.425170
0.342671
0.288021
1.170849
0.950023
1.201959
2.041260
1.066571
1.107665
1.337070
0.979131
0.469026
2.389589
0.404304
0.995674
3.425362
2.060202
0.235132
0.398944
1.175334
0.461760
1.136902
2.134182
0.308444
2.366707
2.102087
3.420747
2.418898
1.213726
1.976300
1.059729
0.462785
0.454387
1.108854
0.401483
2.274307
2.069498
2.346963
0.497503
2.442999
0.317578
0.524310
3.718516
0.276522
2.226043
4.392859
2.184566
3.663202
3.628913
1.044323
0.340427
0.277041
0.429012
1.172660
1.995117
